notsubject:[0.2857142857142857, 0.6164383561643836, 0.018384766907419567, 0.17647058823529413, 0.5378787878787878]
notsubject:[0.2857142857142857, 0.0, 0.013788575180564675, 0.0, 0.6]
notsubject:[0.2857142857142857, 0.0273972602739726, 0.09652002626395273, 0.11764705882352941, 0.5406091370558376]
notsubject:[0.14285714285714285, 0.0, 0.018384766907419567, 0.0, 0.8861892583120204]
notsubject:[0.14285714285714285, 0.0, 0.021667760998030205, 0.0, 0.7798796216680998]
notsubject:[0.42857142857142855, 0.0, 0.017399868680236377, 0.058823529411764705, 0.4222222222222222]
notsubject:[0.42857142857142855, 0.547945205479452, 0.8397898883782009, 0.0, 0.616557734204793]
notsubject:[0.42857142857142855, 0.0, 0.1313197636244255, 0.0, 0.8754578754578755]
notsubject:[0.14285714285714285, 0.0, 0.021011162179908074, 0.0, 0.7904191616766467]
notsubject:[0.14285714285714285, 0.0136986301369863, 0.038739330269205514, 0.0, 0.7441860465116279]
notsubject:[0.14285714285714285, 0.0684931506849315, 0.03381483913328956, 0.0, 0.8073910915320607]
notsubject:[0.14285714285714285, 0.1232876712328767, 0.04727511490479317, 0.0, 0.8172122103714601]
notsubject:[0.2857142857142857, 0.0, 0.03151674326986211, 0.47058823529411764, 0.41442953020134227]
notsubject:[0.14285714285714285, 0.0, 0.04563361785948785, 0.0, 0.55826859045505]
notsubject:[0.2857142857142857, 0.0, 0.015758371634931056, 0.0, 0.4013921113689095]
subject:[0.2857142857142857, 0.3013698630136986, 0.3066316480630335, 0.5294117647058824, 0.458955223880597]
subject:[0.8571428571428571, 0.4246575342465753, 0.9198949441891004, 0.47058823529411764, 0.05913978494623656]
subject:[1.0, 0.2328767123287671, 0.14576493762311227, 1.0, 0.5240641711229946]
subject:[0.2857142857142857, 0.3698630136986301, 0.4261326329612607, 0.47058823529411764, 0.5789473684210527]
subject:[0.2857142857142857, 0.2054794520547945, 1.0, 0.4117647058823529, 0.6814814814814815]
subject:[0.42857142857142855, 0.2876712328767123, 0.31877872619829284, 0.29411764705882354, 0.6099290780141844]
subject:[0.42857142857142855, 1.0, 0.628693368351937, 0.6470588235294118, 0.19692307692307692]
subject:[0.2857142857142857, 0.0136986301369863, 0.03151674326986211, 0.7647058823529411, 0.4543147208121827]
subject:[0.5714285714285714, 0.0410958904109589, 0.23440577806959947, 0.8235294117647058, 0.6666666666666666]
subject:[0.5714285714285714, 0.1506849315068493, 0.18975705843729482, 0.8235294117647058, 0.4949238578680203]
subject:[0.2857142857142857, 0.2191780821917808, 0.23177938279711097, 0.5882352941176471, 0.5655172413793104]
subject:[0.42857142857142855, 0.2191780821917808, 0.2541037426132633, 1.0, 0.661641541038526]
subject:[0.7142857142857143, 0.1095890410958904, 0.13361785948785293, 0.9411764705882353, 0.1984126984126984]
subject:[0.2857142857142857, 0.6438356164383562, 0.40151017728168087, 0.5294117647058824, 0.4260089686098655]
subject:[0.5714285714285714, 0.3150684931506849, 0.3095863427445831, 0.5294117647058824, 0.3881118881118881]
maxUrlDepth:7.0
maxMarkNum:73.0
maxLineBlockLen:3046.0
maxFigureNum:17.0